,0001-0201-0092,0001-0162-0275,0001-0211-0251,0001-0242-0235,0001-0283-0224,0001-0255-0169,0001-0257-0090,0001-0356-0025,0001-0363-0229,0001-0306-0247,0001-0332-0296,0001-0335-0322,0001-0283-0354,0001-0398-0250,0001-0423-0101,0001-0476-0399,0001-0377-0361,0001-0377-0396,0001-0352-0433,0001-0353-0483,0001-0421-0446,0001-0477-0460,0001-0484-0473,0001-0489-0488,0001-0428-0491,0002-0433-0252,0002-0469-0200,0002-0447-0327,0002-0486-0350,0002-0451-0391,0002-0408-0402,0002-0339-0468,0002-0289-0468,0002-0294-0411,0002-0311-0379,0002-0303-0157,0002-0345-0068,0002-0286-0083,0002-0221-0266,0002-0189-0305,0002-0166-0151,0002-0126-0294,0002-0135-0270,0002-0134-0387,0002-0166-0423,0002-0206-0409,0002-0227-0381,0002-0100-0253,0002-0091-0109,0002-0106-0097,0002-0173-0031,0003-0401-0191,0003-0417-0185,0003-0440-0119,0003-0399-0291,0003-0402-0316,0003-0426-0344,0003-0397-0415,0003-0404-0434,0003-0313-0236,0003-0265-0392,0003-0284-0384,0003-0244-0172,0003-0213-0256,0003-0223-0271,0003-0185-0324,0003-0182-0174,0003-0183-0383,0003-0093-0334,0003-0056-0292,0003-0131-0417,0003-0120-0421,0003-0086-0188,0003-0022-0134,0003-0018-0221,0003-0135-0100,0003-0226-0034,0003-0048-0147,0002-0121-0255,0002-0138-0267,0002-0365-0217,0002-0421-0103,0002-0218-0488,0002-0220-0472
0001-0201-0092,0.0,188.03417817113416,159.28528422164032,148.96195724975945,156.47526193246009,95.384690279621,56.87156891423556,169.3000397880113,213.1097978806026,188.83597252058067,245.72971721568902,266.7637932097053,276.03920225315017,253.50842666033466,223.77441946073432,413.4546372836665,322.0505284883117,352.8275601845829,375.5860591304918,419.470882032167,416.0912048005787,459.6578680784324,475.66521806138815,490.67789477754565,458.98642050279847,283.9553184680377,290.0052024023,341.686457123341,385.5810308049528,392.9804051448053,375.9311875271265,401.6025755509598,389.1359896704366,333.4442691668917,309.3980389204269,122.42217569341314,145.91052833424112,84.65764327459186,179.62570891833386,215.59828010477176,69.37152453913407,216.6421001029004,190.27304421687157,303.59376406222543,332.62741683354255,314.2158082333061,290.9367542954998,191.57518639447045,111.60150474647733,95.85898678382857,67.0455468112702,226.71019408199192,238.25978628451855,243.42329812466104,283.76207640723317,303.6942511181522,341.10490318569776,379.69875382250564,401.2967321349904,185.86326691543204,308.3629744671403,303.86248051310633,95.88017684687289,168.75077330027216,183.3015445282755,234.5339689828269,88.26032907649761,294.3360345755946,267.07808644825434,249.42493478993532,331.7001620103394,340.1480278589669,151.46078506282763,184.43001592664368,225.6487840897095,71.83268437663376,67.21138475031496,164.03892129922045,180.0257863521631,186.7894715428223,207.95263466121875,221.32040357540728,398.8871704156731,381.95376611452497
0001-0162-0275,188.03417817113416,0.0,54.11913822684362,87.50138123768542,131.04949759784358,139.79923649684497,207.93304255064504,315.88828763084217,204.75547283726814,146.36063163931072,171.0821166389429,176.80027748301558,143.91546100097605,236.0607789521452,313.35763702161177,337.4094418614412,229.1746957304718,245.59303513462942,247.66366788614977,281.0205659782944,308.00348066959856,363.07667964882546,376.0216117809099,388.94398486795336,340.73886420879853,271.4484788874255,314.6530892377259,289.3164106671131,331.05439725227444,312.1444287890548,276.7875173628703,260.9507119460424,232.42532187116268,188.64870387429076,180.7633160199243,183.26357108912887,273.8263608128017,227.96083011483182,59.83377991859784,42.03972464813184,125.41592011984419,43.39411153337581,30.81295238317649,116.07086581252625,147.07578717862177,137.18157739382323,124.03611232416885,67.61493960619285,181.5994564210928,188.50816420165737,244.75072165053322,254.56914136126258,271.6305259409032,319.1138091063072,236.84984405821598,244.4651984431113,274.6649914135189,273.3978122139134,290.82804728296026,156.18808334618197,156.62352466667434,162.8050402401694,134.04855294539934,60.702848241361906,65.3859835140853,58.461108735362714,106.40847477741674,113.00049285274267,95.16891349982039,111.89900847905024,144.93464652365077,153.61390063070723,121.64990283885018,202.42684085406964,157.28765066724588,179.46142130305086,250.50561449671315,175.33986910652013,50.20028063251232,27.982638885206672,210.66712588325083,310.4369835298859,220.8294163873448,205.21234527040298
0001-0211-0251,159.28528422164032,54.11913822684362,0.0,33.3825854738416,77.23944822513161,91.46854630597026,166.60909994657362,267.490607294714,153.10222520643967,95.84526663717652,130.92665142339163,142.34291501661576,127.04521301115216,186.89693577333412,259.5636785842734,304.85242979542073,198.73729258400874,221.3289547834371,232.70648730077298,272.13394281883967,285.8272932137491,337.7300505778872,351.988557657415,365.8734770431516,323.3641977780769,222.79589239268793,262.5809072896817,249.06833789280964,292.4749541662419,280.4832446256738,250.42004584347822,252.94176196094512,233.72331810472176,181.41182738280412,163.98505560848926,131.0702227830131,224.03139699100907,183.23302506627104,25.01655731556083,61.40514944379154,109.30487853327793,96.483152755152,78.83923981396123,157.51228603225874,177.64428249438907,155.54718632185677,132.11776677059927,111.4618360613998,185.4002750086543,186.78851100267758,222.46796292317063,201.54776100947745,218.5169550827436,265.21071343517286,193.58931468082642,204.52410498846325,237.77058012828832,249.83673569468252,269.38103477234023,105.3801039179372,153.5990511319547,152.87872099621447,88.533141243336,26.41798302807894,35.06319602670101,82.2184925791102,85.52106536362406,139.00587311048076,147.3573414740567,163.14854236851642,184.6844782647454,195.14516054982766,143.75684624460533,223.82535405572165,197.0323240192036,170.4722604418448,217.79096800645138,195.25677697694272,91.27827975163436,74.56285427955883,158.2306802908011,256.70568944164745,239.83250357564307,222.85258866504967
0001-0242-0235,148.96195724975945,87.50138123768542,33.3825854738416,0.0,44.37805500904427,66.42661583848836,145.5289161688477,238.9699966175715,122.22639369371718,67.40998239790613,112.00031429735374,127.87790008626865,127.25317979221637,158.0865480410185,226.48609007664942,287.8538304078379,185.2462631390682,211.75346087711114,229.2449305344462,271.7376809056944,276.39034258586025,325.43383164418987,340.4404815226216,354.840892176656,316.6190227715991,194.12776281373917,230.8670631180292,226.98328166545818,271.1844431580841,264.43579284805344,238.68120396003764,253.50501446396805,240.48273077014306,184.6882733117447,161.80903528672624,99.97841865357908,194.56732123699322,158.72833966750758,41.42755944481598,88.9503941802999,112.1500056875764,129.6564873626484,111.31890083322423,186.25700497993262,201.37192547431894,174.2993437311981,146.98867452383115,142.15012515876904,195.50991724885904,193.60803509547713,214.644949175021,169.14691829463365,186.00370573433892,232.01800378639814,169.8926936022657,183.39164063506558,218.45622882401244,240.09504765501933,260.7262002924571,76.2532950875891,160.8635552533407,155.89113561039355,67.30844860719512,42.10969406987885,47.56259326245515,108.26890311931064,88.27952916022542,162.00505899342355,180.09759941521892,195.56803551831644,212.29664843851984,223.37324633185702,165.07793853865954,242.32003625699713,224.66362934478408,173.51180061112865,202.421959091399,213.6911745096416,121.87347388223196,106.9298157316345,126.52905592666612,223.68318503573136,256.433423495474,239.09202073401786
0001-0283-0224,156.47526193246009,131.04949759784358,77.23944822513161,44.37805500904427,0.0,61.320923258708085,136.2247317318418,211.0484430984678,79.2934000295196,33.014541296575544,89.26950269056235,110.55040863565833,130.6814523041135,117.32049185347282,185.98219611088652,260.76801037316795,165.60965625410208,196.54529297412702,221.7642838057146,267.18244787848437,259.61623236682556,304.0319890547891,319.829922679252,334.73419313156035,302.710580687521,153.17861362388942,186.84954864343558,194.11425478977856,238.70504143755997,239.0125139114887,219.68228383889837,250.69928769998955,246.22477619937956,188.00549046921222,159.24024483126715,70.2406193845336,165.2885281857123,141.8938634610454,78.04337109498827,125.9587647699105,137.96042633277764,172.99235781551042,155.41005265082552,221.60386748872747,229.93326321426423,197.5015464727991,166.86216195248,186.19027777115951,224.33747529913356,219.22175131703017,222.29309778351288,125.43260041476302,142.17144743182152,189.93772835098454,136.24597788221533,152.99170996971992,189.61571918291227,223.83052926865057,245.4017758559375,40.59759736683943,170.71305337895112,160.6588930105873,68.97783217634381,79.99296410036025,80.6395719466751,143.03038423966325,116.17137437797427,190.88473565595257,222.04679848653322,239.59412381219917,245.8161452788684,257.583949667258,203.84424972049797,277.8997393920352,267.06641567771044,195.80583038782845,199.5649293709092,249.56398439262733,165.90465933219747,151.02749147888437,82.89520777858539,183.31934574277435,274.6055413507885,257.1790949681907
0001-0255-0169,95.384690279621,139.79923649684497,91.46854630597026,66.42661583848836,61.320923258708085,0.0,79.67978940771171,176.4512438078194,123.46114287842902,93.45412623406652,150.44107875185026,171.86154400017026,186.9657431986368,164.3500555934474,182.504499855219,319.128575899267,226.72061728922102,257.8661889809112,282.36701954388275,327.25537718160433,320.8317051328217,364.37548421729394,380.33664326527577,395.3290190202505,364.0307434110379,197.6850072852998,216.63952121586584,249.16708668006223,293.5312190050868,298.1939572825851,280.640942433384,310.17854392199246,302.24186317110855,244.82454646097682,218.08936180534684,51.232049298138996,134.3424714829238,92.88386977622831,105.58834124228478,151.82188693158466,90.31025958156897,179.38701176404996,155.86069658937924,248.79444245459825,267.07928315504233,240.59688571293307,212.88598048570105,176.26612281272267,174.7989012554199,166.54486961207874,161.14055730691658,151.2936882015903,166.06370458496932,194.33345966497788,190.99132189069923,209.93247642655325,247.1687977400205,284.8080691796259,306.45094621062935,92.4873912035208,223.56652707201232,216.12080091415623,26.893793014755282,99.22130661757656,109.16103310325556,171.14176271796006,77.11509492746161,227.29660230778705,232.23185727153424,235.32399571794576,275.53681589959626,286.09972009310604,172.31030682096383,236.53797967163683,243.69734275946414,141.64148557939447,140.63155954267907,209.64517462263137,157.76778926550728,151.4052612086048,121.15330025260461,179.7451510685496,322.44196237471436,305.0496783859654
0001-0257-0090,56.87156891423556,207.93304255064504,166.60909994657362,145.5289161688477,136.2247317318418,79.67978940771171,0.0,118.30737613568157,174.66044216361487,164.75649249323538,221.4273795517303,244.45260929288864,265.643931704852,213.07099520061814,167.07229531894185,378.60838273507477,296.014711386576,329.169415391247,357.3260718704792,403.15729147312084,389.95589112293595,428.84813548097856,445.28861363490114,460.52348817133094,434.61022813510755,240.2691630691603,238.92230624551095,303.96061678506913,346.5292508280562,360.13893625892007,348.8276583666896,386.7771602235393,381.1287530905475,323.28522806720406,295.2108990159837,82.09033653177349,90.07772751698056,30.207765826913388,183.07262973824623,226.89201439133763,109.3690937445446,243.04047838016734,217.26299544426334,321.7931832782323,343.98735795495827,319.3532457696788,292.22224156745614,227.341851889585,167.8435692697992,152.4025885445858,103.47438169222322,178.6328443300441,188.31532247942357,187.65824649898727,248.45900969336512,270.06091240387957,307.037520311143,354.65892256537103,376.59502674250996,159.22719105292225,302.68048653414115,294.58837807414915,86.81840551199596,174.27432045467455,186.0514766501235,246.10188658746094,115.46769821865608,304.17068665130404,295.57590418933916,287.01923391172346,349.17740499819985,359.0122949455729,198.8162989992946,239.97693762069125,274.2641530090706,126.50307875052654,68.65504867750526,218.22353268214528,212.32173949383258,213.17267158497765,167.36811810142532,164.7777078455096,401.8357011580265,384.4657085028234
0001-0356-0025,169.3000397880113,315.88828763084217,267.490607294714,238.9699966175715,211.0484430984678,176.4512438078194,118.30737613568157,0.0,203.74431196455137,227.0343119831893,273.57926960974964,297.45834618789354,336.7267426803388,228.24247837749496,101.60291595805282,391.47361765017536,336.2319122442673,371.65420101670406,408.5796730967555,455.6344549400637,423.2282604890758,449.18370720702677,465.89700820233907,480.993055501845,469.4622078033424,240.2876759772804,208.30522562549748,314.73550404093623,349.790175607507,379.39367615714855,382.4858395418058,442.73147437104615,448.9041408471892,390.6216333619186,357.84439779405596,142.75002923059623,48.10932382767293,93.15685724650272,278.7471312279432,326.8370799176197,227.29520291369573,354.1125599651283,329.3471193892547,424.4672055478964,439.1216389739382,408.2211290672521,377.6419425931865,343.44633813882047,278.6651666921272,261.09796865565824,183.98708684307167,173.76922860226946,172.49428305504208,129.0346887618479,271.9319495271034,295.1428770763709,327.23282940442067,392.31596914085185,413.62400683202344,217.55783709058088,377.9502097499087,365.0208012633274,185.89573687157062,272.4216619712115,280.4632294342463,345.1126680421372,230.43192812308084,398.908960303973,406.80210610779415,403.13584806119917,450.38404033243114,461.3277084281948,316.36230217465055,351.6405227692909,391.9984548506137,236.31611069578543,133.16992582552507,332.2476429541128,327.213395563633,325.0198234907827,192.23040454275431,101.55606455473493,484.8889570761995,467.5059567597821
0001-0363-0229,213.1097978806026,204.75547283726814,153.10222520643967,122.22639369371718,79.2934000295196,123.46114287842902,174.66044216361487,203.74431196455137,0.0,58.67128425722182,75.10922845575304,97.3434972601999,148.00130197385096,40.90246314263507,141.57339106538052,204.06414058466484,132.6728833022596,168.04233583502491,205.1304316305563,252.11006201926688,222.42459463306483,255.9778330478651,272.61384232189505,287.9088369393438,268.4306141155958,75.63257626269397,110.40419940072013,129.82788774775912,172.9849279614711,186.63943958673875,181.31996401346407,240.0514865492373,251.11091408329415,194.71362847652892,160.35768392418032,94.57601876704872,160.3770936555921,167.30844276854762,147.34778373369397,190.1805637880934,211.0828569760129,245.61585163136613,230.9263077152649,277.7205666905197,274.32166629762645,235.51566292886181,202.9056147069199,263.8313503072098,297.2567511602457,289.726359188348,274.49229615020465,60.16660346555527,75.27249850454785,136.58040408109312,77.21901164181585,98.85482292011936,134.3415155069888,190.55465149637868,212.10104422156851,56.57110002995588,190.89095632823577,174.20931796640036,133.13383555505558,151.93575059720035,147.5338004388518,203.1978814221997,190.9319629385442,238.4557117841815,290.7873337943913,314.6481782799676,297.95491430928155,310.49478884344785,282.31473400188355,354.7739503458593,345.97649426625827,264.0552221621613,239.47156896322957,326.71471450628724,243.46824571956176,226.70555458154718,17.540766568346175,139.64157464166064,299.02281528677753,282.46532943160526
0001-0306-0247,188.83597252058067,146.36063163931072,95.84526663717652,67.40998239790613,33.014541296575544,93.45412623406652,164.75649249323538,227.0343119831893,58.67128425722182,0.0,57.25177529716629,79.73669807979557,109.69441366279898,91.14352679197874,186.79833385779125,227.8200444094494,133.335272887635,165.1327558306786,192.73845681531665,238.9291310443044,227.52552714663503,271.1706405128457,287.03326325161567,301.9802923857038,271.15008360720344,127.37255807519999,168.78768196987534,162.23114534333365,206.74509898682194,206.0509140701745,187.34131122133505,223.38360935590347,223.2747218676466,164.81993159221514,133.68596335131016,90.86323742358522,181.0692133343553,166.9022686313864,89.08604402503941,132.17637086053017,170.1565835793191,187.11025270240557,173.0693247921383,222.3369933249959,223.66575094307936,187.5177231186478,155.40768896648055,206.9811145925271,256.3753816458121,251.77321823307076,254.30776816248093,113.27790476297761,129.94121402371673,186.36465286525998,105.23336386594771,120.90476159270233,157.13364982449914,192.2025001779414,213.86572263513162,27.507999419781612,152.3110955809454,139.4925545457295,100.2672220244855,95.23723878737098,90.27333518061518,146.4384485638115,147.1751046783387,186.22611192707294,232.52477604562188,256.6096088281102,244.2560057050068,256.55227991480467,231.61622262874508,307.79768118803264,291.33252075760225,228.44289744702127,229.09405547051517,279.23692374859115,186.68072601308222,168.9346271847916,66.86201817513498,184.33221399470034,259.1433898152019,241.9287926427999
0001-0332-0296,245.72971721568902,171.0821166389429,130.92665142339163,112.00031429735374,89.26950269056235,150.44107875185026,221.4273795517303,273.57926960974964,75.10922845575304,57.25177529716629,0.0,24.054340320726023,74.6842790152618,80.95523588385907,216.64754298126394,175.85353763770698,76.34390966993007,107.92953536609707,137.56211586420943,184.3760818080421,170.39076537823826,215.46070747022276,231.03238289659103,245.82377834519244,213.89976514731939,111.06222481748439,167.62178515768224,119.040790898527,161.8391517314746,152.78599106630077,130.68156278932855,170.24056021049327,176.87559194302432,119.99322029820833,86.05701372101475,144.6445920717158,228.3587787692018,221.70805625417012,115.8081187707398,144.3797252603047,222.08888760253677,207.03113015521546,199.56835677153276,217.6184461343869,206.61261148223738,165.9552365807563,133.85106637797676,236.9479354321707,307.05372577157254,304.14276563675213,311.3391869801966,129.7802826995118,144.03016578117095,209.80224282476965,70.08939932757954,76.63426792297047,108.59467822283924,135.6609576471452,157.15138955912167,68.90517009722912,117.87809997222222,100.7564970189894,155.51251808404925,126.6926849944438,115.30380756582346,152.4793167096626,197.30488048479793,174.47438764457416,244.0939064538291,278.462506651739,234.56171241505044,247.2590617783418,273.33223936078156,352.8715895911076,325.29549929201573,281.8687149407762,285.80605157845355,324.10140917071504,217.48801406901123,196.0845366196279,88.10193726600416,214.54122533373092,224.53926918699426,208.2236320397281
0001-0335-0322,266.7637932097053,176.80027748301558,142.34291501661576,127.87790008626865,110.55040863565833,171.86154400017026,244.45260929288864,297.45834618789354,97.3434972601999,79.73669807979557,24.054340320726023,0.0,59.565264730979365,96.54847707440067,238.3090713145536,162.59414518729204,57.36885245226327,86.06378129904283,113.6863690835015,160.40889698800123,149.80041564195406,197.5571994305065,212.6309369521798,227.1283723845103,192.22716043045108,122.06240897373222,181.943357665492,114.74517899273732,154.80549843897265,138.42767159100123,111.38274995826463,146.26186774585557,153.97314201504963,98.11796419728392,63.90178565063624,168.32078162383434,252.29319098293897,245.35943310316077,124.88828025721173,145.99260349207245,239.37678351171584,209.80015071688936,205.3028028887565,209.82466427317556,193.97991783361294,152.3791751354092,121.38422491455214,243.48076710133643,323.1014767816288,321.25797412833674,332.63137058759145,149.7443857629767,163.13188651778447,230.11791135528247,74.88311529259472,73.90407962208029,99.95353104700285,115.0796016512271,136.12434929433084,91.07333762695731,100.5561911980824,82.31315317460323,176.0144786827544,137.15918375990023,123.98729293857043,151.2455479020202,213.9514846117111,164.86698067301197,242.6481035232522,280.9072083916076,224.47332950769425,237.1366631121908,284.8792484974815,365.5920067807523,332.69886806854015,299.8648326553844,308.46725326803465,336.8657622872304,224.71469716899747,202.1767675174301,110.31603611249307,236.26514444124027,204.98097506225218,189.13629774771266
0001-0283-0354,276.03920225315017,143.91546100097605,127.04521301115216,127.25317979221637,130.6814523041135,186.9657431986368,265.643931704852,336.7267426803388,148.00130197385096,109.69441366279898,74.6842790152618,59.565264730979365,0.0,154.7385281195798,289.08302159489256,198.87377986395876,92.38704062696591,102.38236928417324,106.01141683600304,145.41310459345905,164.0883605008819,219.48539946676703,232.16994014636495,245.0289758227965,198.04540336643325,181.38959453160558,240.80858415846146,166.92124939852923,202.23866233928806,173.44487164871327,134.5146489028033,126.9457305547672,116.01467702620143,58.89373083514408,39.02570187013679,198.42966615829928,290.59997206044386,272.3106980663809,106.26783638004729,106.77346009661399,234.88384698954056,168.94897596600586,170.9232294611954,153.0511352559131,134.62893016846678,93.14523495038462,62.68983448073718,209.30280173131638,311.9129427066916,313.6626870541028,341.73953084834136,203.09902932265715,217.83237294252103,283.2653306237615,132.1907324926541,127.8882829583682,146.95809657838964,131.01160259556335,147.96793125726788,123.22823039010942,48.39202450932498,37.55212666416756,187.81471935518968,121.12924966555713,105.55081778823454,106.59183134563074,208.87689988398583,107.86961380631459,193.58932059713393,237.60677203183482,166.23871298904083,178.78334094215415,261.7540086963218,343.7930534099034,298.39332810578463,296.1045424797811,326.20792188928596,315.7373819741934,192.8313315627682,168.76103527316084,160.1009438932061,286.74058142356864,151.6518749655129,134.92338969435232
0001-0398-0250,253.50842666033466,236.0607789521452,186.89693577333412,158.0865480410185,117.32049185347282,164.3500555934474,213.07099520061814,228.24247837749496,40.90246314263507,91.14352679197874,80.95523588385907,96.54847707440067,154.7385281195798,0.0,150.7128226776386,167.93844734546735,113.42024175099593,148.15666136684743,189.42940153041778,235.196435654251,195.1968412332228,222.76344752260874,239.51199152747787,254.76534959954222,241.40486108296153,37.77157531521575,87.11634973704551,92.14636886303303,133.81865782740468,152.97823972973197,155.18951013722852,225.90342889408035,244.56558131439698,192.0231865516298,157.53477398193434,133.57003652401895,187.8793574409096,203.33545347420744,177.98679969777632,216.4870237317961,251.5318289634149,275.5959261935703,263.2683792450045,297.13497814419196,287.4596128860196,246.63722154829983,214.5633188462146,297.87394771480615,337.8780646121181,330.5374617331661,314.03451479357005,63.92458447272321,72.73354290568726,139.17639896321208,49.8385039642899,70.69220696071386,101.7181541986376,166.85207951208494,187.39242446863182,89.84631765618184,195.48888720969953,176.72983682014035,173.37401086217528,184.27430531636773,177.47148176981307,227.0985717118455,230.61759051199655,254.4858636294506,317.61548423665306,345.94202641451926,314.7841929271594,327.4979632586058,320.5462893262789,394.39148794380975,382.106106147568,304.7911258610467,277.0613293296391,366.14846134263655,277.5825301611834,259.23331059620125,47.9391278152458,149.38492602114587,300.9815676436682,285.3561498364649
0001-0423-0101,223.77441946073432,313.35763702161177,259.5636785842734,226.48609007664942,185.98219611088652,182.504499855219,167.07229531894185,101.60291595805282,141.57339106538052,186.79833385779125,216.64754298126394,238.3090713145536,289.08302159489256,150.7128226776386,0.0,301.0835683543842,264.1152813343715,298.8346834512291,339.97045995063667,385.90300905972094,342.2759017789222,360.658660267414,377.112351381711,391.82494182345084,387.9580943681708,152.10193112250093,109.43543706944688,226.564044313378,256.71034979504316,292.52508279988007,303.5047970990434,376.1102436637613,391.47604743688373,335.8206021992887,301.23581312560617,133.97565440600386,86.43326889547352,142.13620672028156,263.11803536488645,311.56991561517316,261.7240260165142,354.8773166640543,333.885814578004,406.741261025656,410.30320770159346,373.5269318965065,341.0553859436604,357.91619676296546,333.25333169212314,318.70898790224163,260.8879334329992,95.68898294615954,87.05865562420743,35.34774689840359,194.91040103334845,216.84246836000426,243.65468948852714,315.56432290684984,335.5324135860698,177.23523468730951,331.41435341971487,314.93752916134235,193.97178006292665,261.3940816564525,263.77820881567504,327.5399843505129,253.92322482715701,372.02074579729646,405.55201253900833,415.74443414298065,429.5581155076267,441.681066260023,350.2633284689174,403.51456344832394,424.1916751552822,291.33368651318165,210.5849926339599,379.5551166807639,338.7954647276422,329.3600456002787,130.23747038234094,12.903707930524927,440.3034935135386,423.60644182500954
0001-0476-0399,413.4546372836665,337.4094418614412,304.85242979542073,287.8538304078379,260.76801037316795,319.128575899267,378.60838273507477,391.47361765017536,204.06414058466484,227.8200444094494,175.85353763770698,162.59414518729204,198.87377986395876,167.93844734546735,301.0835683543842,0.0,108.2916434111641,100.85259476701115,129.4935778284,148.62404516176773,72.89788078654041,60.50493457097542,76.44109899417259,90.84512553930234,104.11231924724237,152.06888410937037,197.743213550173,78.32125342400015,49.56127741437883,28.742280238015343,71.25126820387943,155.6971890222219,200.67211428226707,184.66564329806013,169.01869231661,297.7754913278221,353.7692733080277,370.61085759350794,287.0636568501366,302.9802208810252,397.0279611978209,366.62931794624575,365.4441533043011,343.39047476370155,310.9992477173674,271.5659440789126,250.55675181333075,404.00175414388684,482.6120236036226,479.0599301559406,476.83510653839176,221.2482144255793,222.6542865941661,281.36773563346,133.84804451328324,113.57807010401508,77.41821974410271,86.17777194808609,85.9054796552733,231.69481109312966,213.85653156588046,196.4223162583983,325.03515139141234,298.4931656470824,285.0419890250594,303.3139932057695,372.0641100294129,296.12927252609643,390.98812609965825,435.7763881187551,348.30968812354,359.818594536373,447.05867604749005,527.6951317698886,493.3204636186395,455.5561149759858,442.92396059357526,498.9008234711694,385.8641100889732,362.6426710822144,213.09284370960842,300.49792700605127,277.5149105930513,268.98909639186763
0001-0377-0361,322.0505284883117,229.1746957304718,198.73729258400874,185.2462631390682,165.60965625410208,226.72061728922102,296.014711386576,336.2319122442673,132.6728833022596,133.335272887635,76.34390966993007,57.36885245226327,92.38704062696591,113.42024175099593,264.1152813343715,108.2916434111641,0.0,35.43366109507121,76.24099889074694,121.79138680391905,94.23569371016781,140.19296347241783,155.3464358228838,169.93973757942572,138.61955090286696,123.43597637456695,185.92242788028236,80.89728020379376,110.92257033282529,83.6587191420127,55.200735468101165,113.33595585708403,138.21864818405453,96.55876286210943,69.500050881348,217.0914635393015,292.818496583007,294.0288756240316,180.20378651075146,194.9439799825298,296.6246115746071,258.6845066493818,257.25812855819106,242.7884756845139,216.9118100685307,175.26667247075727,149.48006823035522,295.8096018364522,380.41218427950554,378.5678727752103,387.53133860867047,173.76377884837606,183.21273930868054,251.12106011061107,75.92451998562639,58.49472932529681,60.521155457224744,62.9671298468375,83.62556196867543,141.44641740710833,117.13971336994638,97.90146688083858,231.18602120535462,192.6223677114156,178.61613633356873,196.3795452877969,270.9973798801948,195.73624570440555,285.42489190339325,328.4421648122575,252.03018519039708,264.2520502930417,340.5979645293535,421.836750974622,385.2411406646845,356.88245637152164,360.56440448203426,393.15021406692614,277.79204990523647,254.48723538173996,144.97692340344878,262.5252255987638,205.20594395245317,192.11947913300463
0001-0377-0396,352.8275601845829,245.59303513462942,221.3289547834371,211.75346087711114,196.54529297412702,257.8661889809112,329.169415391247,371.65420101670406,168.04233583502491,165.1327558306786,107.92953536609707,86.06378129904283,102.38236928417324,148.15666136684743,298.8346834512291,100.85259476701115,35.43366109507121,0.0,44.20277119658811,87.39525545147025,64.71268921493879,117.53493603006622,131.0052049207638,144.61787669977562,106.1706675790817,155.06358812097628,216.78375415106413,100.51333515737522,118.67407286947413,76.67269835453881,34.31292880773495,81.44798039098525,113.49508929469283,85.07073060781163,69.91799243367386,250.9910305734173,328.1295406568258,328.1283340778573,201.47773449356404,208.74122630075755,323.431038979294,271.03394734805056,272.85457808460046,242.65936304735834,210.85653998823088,170.99867973909184,150.19683801366375,311.3729891383341,405.50439814855815,404.86318645334853,418.633960971702,208.39177202893515,217.330656081259,285.07028329100734,108.61140354710948,88.46988919604651,77.6766543092287,36.984889716672846,54.022343788062194,173.74748752838659,114.33630819599377,97.7088263357492,261.48860673758145,214.6355830789884,199.66526782601096,207.0980166291883,297.32534683868255,195.91974673256556,291.97744374277534,338.654505926478,248.07097599606004,259.6940157969221,360.99912887917463,442.93358002528856,400.4537075589594,384.2353266434614,393.38612303043897,414.47763661938166,294.47382211073665,270.53303953019184,180.27984986666445,297.2742611470327,186.08354947492316,175.02068324461277
0001-0352-0433,375.5860591304918,247.66366788614977,232.70648730077298,229.2449305344462,221.7642838057146,282.36701954388275,357.3260718704792,408.5796730967555,205.1304316305563,192.73845681531665,137.56211586420943,113.6863690835015,106.01141683600304,189.42940153041778,339.97045995063667,129.4935778284,76.24099889074694,44.20277119658811,0.0,47.07994450716309,68.44712950447436,125.86299555905217,135.16192821279665,145.9029109188511,93.19461039633572,198.57406680800122,260.65649438444507,143.6600821812764,156.8165965406253,108.1275388205993,63.300260443679136,38.612385770288014,73.06923932716383,65.05420945963114,70.33468079702646,281.8143072597284,364.0712160605176,358.90417791544314,211.70716874341255,208.6071075135863,339.35302755405144,267.0814239337686,273.1591013997168,224.02370985552844,186.33875022595524,150.264724096377,136.9249807633104,310.85544595372096,417.75383026060655,419.0984534704598,441.63063072405754,248.91451730283157,258.8456572168376,327.0371625314385,150.02224933897608,130.60837986106782,119.76816347696317,53.8089338071093,57.100630420861684,202.68551617793776,100.92376996608596,90.53369201128986,284.5504226302708,225.60782230328655,209.83309942861737,203.2003884688758,312.9182165618532,179.45474900077753,280.28218427546994,330.71155671949845,224.98078574639013,235.65773065549095,366.58262406157286,448.7045380746713,398.27715608181035,400.5044631756534,420.46912982803906,420.8447571393959,295.79253039685125,271.49786822146046,217.6334374500787,338.2452142250312,148.6041058784498,139.7662008540641
0001-0353-0483,419.470882032167,281.0205659782944,272.13394281883967,271.7376809056944,267.18244787848437,327.25537718160433,403.15729147312084,455.6344549400637,252.11006201926688,238.9291310443044,184.3760818080421,160.40889698800123,145.41310459345905,235.196435654251,385.90300905972094,148.62404516176773,121.79138680391905,87.39525545147025,47.07994450716309,0.0,76.27173107068698,124.37593317270974,128.04805334306772,134.5187104550242,74.16711101540172,241.8856415798076,303.05316745817123,180.9539035454889,185.3295738031921,132.59793477083463,94.26411985735835,24.008892186718086,66.26919998189715,93.71563270586762,111.14550250884825,328.37647137693705,411.1265042648481,405.3678469801235,250.813684410894,241.2560831789663,380.1658502350194,295.44791352090755,304.74573608161325,239.52143443251498,196.36449081444627,167.05731268071182,162.27732979167806,341.2379269936797,456.0426966662859,458.5574116362945,485.4245283913804,294.79565657095316,304.18302684961236,372.17896173281616,194.6328031166362,173.99440546394172,157.68744149630356,82.48652965656575,72.16663825107656,248.8776913875134,128.9825853917609,124.36174966991531,328.80597567256615,264.7781886103677,248.8154392086834,233.0705088130412,353.6727754861447,198.9564804930259,301.3935103233013,354.48865081072904,235.0554186534693,244.1780960952699,400.8146918529093,482.5000542122466,426.30195080515495,441.14410638577783,465.8074381441771,455.23109405236187,327.78183599613567,303.6025116551956,264.5201488937019,384.22223098183474,139.4139421354015,135.97708401728613
0001-0421-0446,416.0912048005787,308.00348066959856,285.8272932137491,276.39034258586025,259.61623236682556,320.8317051328217,389.95589112293595,423.2282604890758,222.42459463306483,227.52552714663503,170.39076537823826,149.80041564195406,164.0883605008819,195.1968412332228,342.2759017789222,72.89788078654041,94.23569371016781,64.71268921493879,68.44712950447436,76.27173107068698,0.0,57.61202121249377,68.4217370511588,80.94062299446311,46.23416903381395,191.78147643012346,248.06534863370626,120.92688216169465,114.03219174667981,61.41804155163732,43.46258865571047,86.32564327712035,133.57402195581483,132.01152019591413,128.65002655977864,310.3911941681362,381.46775336966107,386.9974557575072,265.6878418847324,270.0647035853582,388.040701742197,330.93265738684556,334.6515503716424,292.2642474038505,254.5275660640958,218.48160523172052,203.61833134490598,372.9598318092413,470.16784726220556,469.53886358035635,481.63948083890693,254.428629405231,260.3011613819084,325.3946931462539,154.48453116481386,131.55817868971673,103.24288760166696,45.15719632723772,31.02990100410797,234.76186089565314,166.1999891657698,152.83999947912457,324.67945339592603,278.7412932187682,263.57717285966845,266.4343864922839,361.8165482689367,246.90417848101308,347.1393291550056,396.43717258387437,293.0268674632202,303.61883035438376,424.5813173863029,506.6873264207198,461.4366053310548,448.70571931035,454.42081431124683,478.32587417317586,356.721058841482,332.5740999542789,233.75154921890277,341.09531285089906,210.48955499074225,204.00050210552786
0001-0477-0460,459.6578680784324,363.07667964882546,337.7300505778872,325.43383164418987,304.0319890547891,364.37548421729394,428.84813548097856,449.18370720702677,255.9778330478651,271.1706405128457,215.46070747022276,197.5571994305065,219.48539946676703,222.76344752260874,360.658660267414,60.50493457097542,140.19296347241783,117.53493603006622,125.86299555905217,124.37593317270974,57.61202121249377,0.0,16.752185067905636,32.01073859216301,57.703885845471795,210.37415509524385,258.0757596659359,135.55083593177906,108.88448327058923,71.4011600949597,88.50943451135966,138.64029428108952,187.0109457313511,189.4432205401252,184.67115945102782,348.1002325933973,410.15162646583605,422.9543412286781,318.1921555539218,325.7484759605787,436.70254965451926,387.37708219000194,390.1178732794309,349.74824920648337,311.4230590684973,275.89003229068527,261.05686409759494,428.59420881638,520.4662864685823,518.6994002809465,524.3271174170609,278.34794227081494,280.93379604434443,341.15615035487866,184.71320778499486,162.32975599923992,126.88973207195393,94.25788318016218,79.70977868318717,276.62966669441903,223.22116256238448,209.31816394322985,369.1135454186831,330.68349968332245,315.9618347500603,322.7435505172385,410.79549547005615,304.27471845967403,404.5092450553737,453.4710011809928,349.9001753570093,360.31053631022934,478.0833516100656,559.9550517617412,517.378983992124,496.6572704136442,493.4038428266839,531.3964647959423,411.8718832739311,387.865960256842,265.98967735581454,359.9287260024487,263.01135523849416,258.05405346213547
0001-0484-0473,475.66521806138815,376.0216117809099,351.988557657415,340.4404815226216,319.829922679252,380.33664326527577,445.28861363490114,465.89700820233907,272.61384232189505,287.03326325161567,231.03238289659103,212.6309369521798,232.16994014636495,239.51199152747787,377.112351381711,76.44109899417259,155.3464358228838,131.0052049207638,135.16192821279665,128.04805334306772,68.4217370511588,16.752185067905636,0.0,15.29690038114663,56.29635285664786,226.96329634718242,274.06584678044334,152.12726358058327,124.28133840017571,87.94186863491474,102.91162241446453,144.03210719702435,192.32294519305384,199.28499059933594,196.7745353953209,364.57321983129873,426.895293437772,439.55522810944046,332.210284249886,338.26346019576596,451.85329275140145,399.31051099663733,402.80547184679165,358.720946193258,319.17847915259836,284.79223561893764,271.43366506102444,441.1822324930696,535.2644977777853,533.7752113167699,540.4529419814971,294.99989223354333,297.4925337818659,357.4292302817466,201.24117501974482,178.7581087045408,143.32300658278697,106.90176957233989,90.33078549782262,292.6217460769297,233.63678289950298,220.59012871016014,384.91075405607916,344.8277332174048,329.9357691938828,334.61235458843015,425.8245935195186,313.8571253372213,414.88382980135555,464.6154237000652,357.73359334150757,367.8310037010573,491.7711795134042,573.7739562090327,529.7079921739459,511.9576212080333,509.83317550266,545.2838540323727,424.7619331968966,400.66235059698687,282.65688061079805,376.3985245024723,267.19239521789694,263.2680549453049
0001-0489-0488,490.67789477754565,388.94398486795336,365.8734770431516,354.840892176656,334.73419313156035,395.3290190202505,460.52348817133094,480.993055501845,287.9088369393438,301.9802923857038,245.82377834519244,227.1283723845103,245.0289758227965,254.76534959954222,391.82494182345084,90.84512553930234,169.93973757942572,144.61787669977562,145.9029109188511,134.5187104550242,80.94062299446311,32.01073859216301,15.29690038114663,0.0,60.6677056954798,241.89142288413598,288.2696514048056,167.08002501109635,138.0776270222297,103.05956958766409,117.15784689029847,151.7142292524587,199.61119353337372,210.11627679046308,209.27755086142486,379.8175971976479,442.0984394837229,454.8391014920743,345.93262892285105,350.8874949207971,466.32617007319254,411.4535683486114,415.52019943983,368.5654583830311,328.0903211570965,294.68745768321105,282.5075524316118,453.80393664517135,549.4848759990296,548.1874369576734,555.5284788250715,310.0545077140737,312.3895716929571,371.93947677637647,216.42788317852504,193.9114172073665,158.3954473772992,120.0429433478807,102.32682295493896,307.62240628633924,244.8041586287088,232.42680668039617,399.79702697084616,358.6280012403459,343.6221997850678,346.74810902515947,440.2153765125389,324.24143154784736,425.79580734464497,476.106006113975,366.64992490255173,376.4772617259706,505.1977210569603,587.2806377257644,542.096688917221,526.5200616020477,525.0532167535015,558.846089805089,437.618836316428,413.45992262281663,297.93874425650205,391.13632053544916,273.24359314730776,270.20181796489305
